# Fix print output for fix def1
0 0.00207142894991616 -0.000193677034341004 0.146995175061128
0 0.0011837786600035 -0.000101553720865433 0.146670801799658
0 -0.000111425785480509 7.49999445877309e-05 0.14624947550615
0 -0.00161608295057781 4.58720714390636e-05 0.14562188154715
0 -0.00215280320529768 0.000121934740319876 0.145406657773333
0 -0.00124441687754135 0.000292498425617415 0.145860499064344
0 4.41540186783615e-05 0.000115217459477218 0.146344064605633
0 0.00118521858319696 -0.000308113510001991 0.146628307912009
0 0.00195357643623864 -0.000284941178035582 0.146973884939848
0 0.00160058354529699 -2.27964774393796e-05 0.146939809061689
0 0.000473030674846914 1.72916076367457e-05 0.146457543888462
0 -0.000994044818721765 -2.21456994950822e-05 0.145832710061974
0 -0.0021941522615619 0.000178230389628243 0.145406285669772
0 -0.00188801428855183 0.00039101134721664 0.145628602269381
0 -0.000698885724776279 7.96938362262171e-05 0.146006553327569
0 0.000805816380134755 -0.000400602540447911 0.146414926176503
0 0.00229533614878033 -0.000214596177470602 0.147073809187247
0 0.00230528551413926 0.000122957962360509 0.147225005625518
0 0.000978278717903481 -2.33931316626972e-05 0.146637054506594
0 -0.000965012179586281 -0.000202579683095881 0.145772100108129
0 -0.00250437206389366 6.31410282979248e-05 0.145273767315684
0 -0.00216123482602886 0.0005310071650172 0.145612784324535
0 -0.00101645542627849 0.000200807374778876 0.145920719403721
0 0.000710922956194767 -0.000355962664776332 0.146417914459824
0 0.00230832979717669 -0.000288870496570648 0.147107940663472
0 0.00227528965756341 8.00649263487263e-06 0.147201716169166
0 0.00124362125106115 -1.67589731266332e-07 0.1467916868953
0 -0.000573893690407085 -0.000221748888337107 0.145926578443244
0 -0.00228921552604005 7.12733364234329e-05 0.145320957949557
0 -0.00221796180615006 0.000632296811414791 0.145593679246211
0 -0.00141266498615806 0.000233751611008419 0.145751769223488
0 0.000200223707696147 -0.000453624536725172 0.146128771353383
0 0.0022271840622853 -0.000305349536599246 0.147049555933965
0 0.00260950330841733 9.49394862036199e-05 0.147340192342507
0 0.00162527456876303 4.00027412919491e-05 0.146911065766243
0 -0.000375082428992652 -0.00023184657241195 0.14601694913912
0 -0.00224329321251544 -4.66676512955932e-05 0.145338011703329
0 -0.00252198052606668 0.000481808571170364 0.145438188692495
0 -0.00149769384908249 0.000370297424200787 0.145818551370488
0 0.000154293974776188 -0.000291428874592658 0.146202491405098
0 0.00202812997894022 -0.000309237629716268 0.146966938630602
0 0.00254068975283528 4.26946349363476e-05 0.147345569419112
0 0.00151188311019566 -3.16322079112121e-05 0.146865816396255
0 -0.000153754375827375 -0.000315416989785498 0.146058837634867
0 -0.00177078053612575 6.44926200373259e-06 0.145531665998034
0 -0.00213913816385155 0.000533447924319799 0.145566841279717
0 -0.00160268558691995 0.000346778399985191 0.145702331034734
0 -0.000403220425344772 -0.000258046631505721 0.145967973593486
0 0.00147662505887616 -0.000294103049903696 0.146734540129141
0 0.00228421525864319 -2.24306439009109e-05 0.14718359484927
0 0.00181369477638951 -3.98658749967299e-05 0.146976356865169
0 0.000446910056875775 -0.000169790073631745 0.146358633038352
0 -0.00129003764973372 2.82469519021715e-06 0.145740418079681
0 -0.00208806358326378 0.000355101010712314 0.145587021315766
0 -0.00186886520680843 0.000212945935402594 0.145596142127714
0 -0.000792437142254739 -0.000117039387349656 0.145890593925836
0 0.00112738125354109 -6.0624712220465e-05 0.146708853376466
0 0.00213104966319031 -3.22518171975683e-05 0.147114667340307
0 0.00169220389181821 -0.000222177596558665 0.146864602425156
0 0.000833941463586074 -0.00019339385264015 0.146531806189914
0 -0.000770954702868422 3.56762947261027e-05 0.145929960313016
0 -0.00161250656112321 0.000303204970434669 0.145695596708159
0 -0.00176929338273 0.000192600831411535 0.145580179094969
0 -0.00129064170460219 1.40664323502563e-05 0.145690400681503
0 0.000407787004445008 8.75151966137684e-05 0.146459594376713
0 0.00158295344113962 -0.000131551644268954 0.146871191331151
0 0.00184968093484195 -0.00042404272200227 0.146839177601316
0 0.00150004720188641 -0.000112768060148988 0.146828658023712
0 8.83096609140742e-05 0.000214908907771196 0.146386839346792
0 -0.00143604421623435 0.000161088588436648 0.145740605101688
0 -0.00221252050075057 -1.18105166245282e-05 0.14538470079886
0 -0.00187898279451701 9.26636493658155e-05 0.1455546426736
0 -0.000143916801055586 0.000269633158480987 0.146304099233287
0 0.00150964390835574 -7.71276233665426e-05 0.146842975974437
0 0.00214938987903958 -0.000451368198047537 0.146941113510897
0 0.00187596359086747 -0.000225982520131044 0.146917293358937
0 0.000488064156763423 0.000225795550591063 0.146548596112946
0 -0.00122560760488999 0.000123382653979339 0.145786776537902
0 -0.00226688824600681 -8.92903875986533e-05 0.145254240672623
0 -0.00208863816640579 0.000200584510891613 0.145456166282861
0 -0.000579441635510473 0.000445430395727445 0.146183685836458
0 0.00100503503215129 -0.000104193288918885 0.146625113559257
0 0.00209041843261271 -0.000629167009500284 0.146889443157567
0 0.00227600332849438 -0.000250231521538086 0.147112076821674
0 0.00115195787014036 0.000315874090740418 0.146852216905086
0 -0.000829382835105221 0.000176494857138907 0.145995193070804
0 -0.00237334808093587 -0.000147374590482602 0.145242141692132
0 -0.00260965906916338 0.000121793830707988 0.145255898368859
0 -0.00118464587827528 0.000458526147865534 0.145989983005486
0 0.000884682266419721 -8.54526306777761e-06 0.146613789585019
0 0.00225742538064929 -0.000597024751784001 0.14690638951042
0 0.0026938840195274 -0.000267214850581669 0.147237939996358
0 0.00142477108264357 0.000265638721277956 0.146920665925575
0 -0.000851749878046462 0.000110651378237967 0.145935489433031
0 -0.00241399349814179 -0.000179359896339583 0.14519314668531
0 -0.00259560862982021 0.000144327803485834 0.145229898091074
0 -0.00124946224419195 0.000525583631129849 0.145937395942154
0 0.000764974104302 0.000139286804895365 0.146626357870819
0 0.00191869305532562 -0.000642931197298181 0.146782098184781
0 0.00251212765734734 -0.000393243862699401 0.147153654205409
0 0.00161493004217586 0.000215483970344469 0.147051375077406
0 -0.000501018509561167 0.000116861303477146 0.146104425559612
0 -0.00195299263497557 -7.38479908585156e-05 0.145418781207841
0 -0.00257477143449653 0.000139086982395817 0.145279353625149
0 -0.00161715291982177 0.000393176450411871 0.145760127282996
0 0.000254625650628775 8.83269565171316e-05 0.146400753045746
0 0.00165534599567842 -0.000452417625337646 0.146738806503075
0 0.0026466658137305 -0.000281668809736706 0.147186973336811
0 0.00189708377842688 0.000110708166441504 0.147057069325572
0 -0.000126264174604691 6.39952583809907e-05 0.146217605236559
0 -0.00174264882918837 -6.20761354822342e-05 0.145498544742409
0 -0.00250223001603434 8.98771306355264e-05 0.145255414969216
0 -0.00159741959345468 0.000384229876591447 0.145767944055989
0 -6.78998004835218e-05 0.000121761039230157 0.146267145531478
0 0.00126680075033028 -0.000280486784417824 0.146655792216295
0 0.00227538070734697 -0.000234629829771586 0.147127825645924
0 0.0017845323858377 -0.00011868572578754 0.146972067038587
0 0.000255286335770037 -0.000110826092841128 0.146347672746592
0 -0.000995153903015359 9.28479616649151e-05 0.145898835728055
0 -0.00200352475822958 0.00025956404309402 0.145516073498502
0 -0.0018234138023474 0.000246771909895007 0.145613300165489
0 -0.000745178729900851 3.45713999590231e-06 0.145956313173369
0 0.000542183682971276 -0.000167419663940516 0.146388407237529
0 0.00200085086077905 -8.19014022361376e-05 0.147027996817597
0 0.00223143267859063 -0.000146381741401113 0.147093177385392
0 0.000922428204456252 -0.000218204196157019 0.146508414140619
0 -0.000470159894508013 9.52276524911743e-05 0.146089215214985
0 -0.00177580121442435 0.000292206971722804 0.14565227690493
0 -0.00222455371581619 0.000113492660762824 0.145385170743609
0 -0.00122457570170937 -8.84861876729194e-06 0.145764157427535
0 0.000164859787190945 3.5204306915989e-05 0.146345740234341
0 0.00172410363184802 7.02026113830311e-05 0.146998616688585
0 0.00221174762128603 -0.000258711471305629 0.147095876123587
0 0.00132319550479488 -0.000472045095997253 0.146636425539077
0 8.59788830159343e-05 2.31914252704497e-05 0.146301701464412
0 -0.00125497933893772 0.000510069572148087 0.145954217004182
0 -0.00225398807763296 0.000185205888756853 0.145386060293437
0 -0.00185741803569363 -0.000127377272536346 0.145420931873682
0 -0.00051480513125703 5.401710905791e-05 0.146072770370706
0 0.00128905537364683 0.000147257485318469 0.14683077357947
0 0.00251179948148768 -0.000273940652975218 0.147144728601193
0 0.00203555925020451 -0.000510919331596949 0.146851535152132
0 0.000764829530215922 3.14603011940333e-05 0.146566092807962
0 -0.00115463953880369 0.000475753218497004 0.145970522526791
0 -0.00267746836767941 0.000156365746177874 0.145248882176518
0 -0.00236893710675485 -0.000191241822594379 0.145222496822722
0 -0.000892581756148127 6.40195590572273e-05 0.145920824755708
0 0.00136045327791664 0.000349372162641733 0.146979784635713
0 0.00264527425771232 -0.000167604286453169 0.147287975572156
0 0.00209618037196538 -0.000734065215188738 0.146820946197497
0 0.0010166196624105 -0.000128789439406552 0.146662128112597
0 -0.000944368065153194 0.000476212926042785 0.146064827925581
0 -0.00248359158221569 0.000297198648969248 0.14532658774946
0 -0.00243254027433094 -6.93083981698864e-05 0.145202608614297
0 -0.00124211854621091 1.69693005996953e-05 0.145729730212508
0 0.000822498393064219 0.00026213316876236 0.146694506103967
0 0.0025037603033834 -0.00014187574723247 0.147224598354911
0 0.00245129334067614 -0.000639449858718262 0.14696417100337
0 0.00148004201334764 -0.000179084063828164 0.146764407866286
0 -0.000470446260509097 0.000473091628461062 0.146269101880804
0 -0.00254093860290018 0.000309912388077205 0.145344066288264
0 -0.0028571834560432 -0.000132661253660778 0.14505451703419
0 -0.0015381338967057 -3.0135677083824e-06 0.145666889762499
0 0.000696751576278932 0.000233406552471433 0.146648395602618
0 0.002461619768827 -9.19759690922549e-06 0.147264424902495
0 0.00259428283297686 -0.000479406080005221 0.147131264058473
0 0.00138751488854397 -0.000353051166363591 0.146680396747264
0 -0.000356618977558376 0.000261089387601623 0.146241001330511
0 -0.00219156298112017 0.000299694915195652 0.145478439699087
0 -0.00253749599708289 6.24191516032773e-05 0.145196146775652
0 -0.00139204356352704 9.81115566675882e-05 0.145684464794125
0 0.000198614901617994 0.000183796816373205 0.146396410495925
0 0.00181429114976446 -0.000118231417413964 0.146938894384723
0 0.00224119348194874 -0.000428168164898764 0.146997162231185
0 0.00166068350793176 -0.000243453345648167 0.146848482540011
0 0.000363824961556557 0.000160700001893235 0.146458602346313
0 -0.00163475617955629 0.000200478504307443 0.14567265523509
0 -0.00239897495687422 0.000137752818155787 0.14535245085133
0 -0.00183575045531533 0.000131568834417065 0.145581507656507
0 -0.000427922616231703 5.14685641989125e-05 0.146132785683916
0 0.00142457828666466 -7.12056873979764e-05 0.146830939935978
0 0.00222242604961957 -0.000229095560115497 0.147060280144015
0 0.00195388392083409 -0.000143833039053473 0.147000595139922
0 0.000714915071257661 -3.65614507373241e-05 0.146535697683559
0 -0.00132383801919294 -9.07568277171357e-05 0.145660524222371
0 -0.00212992178904807 0.00020624808707755 0.145458424093067
0 -0.00173034792404729 0.000412484917896366 0.145687570926782
0 -0.000945963533308368 5.74000401530704e-05 0.145835236349535
0 0.000799112652768456 -0.000204120436169067 0.146487253148403
0 0.00175701629269915 -0.000206214467838772 0.14690648825415
0 0.00201210340338334 -4.22505311157489e-05 0.14707143520201
0 0.00141116562490998 -0.000135924042710987 0.146801611259457
0 -0.00046649221380873 -0.000212797858706092 0.145976881578971
0 -0.001698982082492 0.000280247166053405 0.145677012065863
0 -0.00211662150160603 0.000539633511254508 0.145638833810025
0 -0.00174025355561832 -2.12713316529701e-05 0.145558327441847
0 -6.97483636255136e-05 -0.000362726788846318 0.146092152188482
0 0.00165068779990948 -7.18269559097029e-05 0.146928449874673
0 0.00253873242619951 0.000155442069310254 0.147345984431916
0 0.00197559502351922 -0.000202747424593592 0.146951930876735
0 1.38338405009732e-05 -0.000435863501677571 0.146070477909179
0 -0.00160751204987001 0.000173647103312418 0.145653680178787
0 -0.00233544203923061 0.000651732238521395 0.145541963722832
0 -0.00208428181424239 0.000184569867129852 0.145455910810231
0 -0.000452804508804665 -0.000362339500863861 0.145893479038117
0 0.00143084544113478 -0.000116167406374152 0.146790881903663
0 0.00254484042554987 0.000165368331474515 0.147397500487463
0 0.00231357066419345 -0.000231130017088227 0.147127894068081
0 0.000510674887204708 -0.000554561609693726 0.146243088724255
0 -0.00123345356625768 0.000169838284062045 0.145846172343112
0 -0.00241629075132215 0.000744053558791461 0.145581235040456
0 -0.00256783502749382 0.000234112558013509 0.145309194858583
0 -0.00108623166698408 -0.000394282277555543 0.145682949950404
0 0.00115400344669831 -0.000210961394225133 0.146640070241273
0 0.00278596800609865 0.000194203990404889 0.147462407166679
0 0.00281974100806948 -7.89103273137184e-05 0.147359171310955
0 0.000971039609737347 -0.00052320047243714 0.146404308340284
0 -0.00119738388889077 -2.18466823580257e-05 0.145736391957117
0 -0.00253305116613517 0.000646628607618865 0.145487828634712
0 -0.00283852219135771 0.000304600106710256 0.145196931089114
0 -0.001230763368575 -0.000252418507438313 0.145621656447766
0 0.00113412077742057 -0.000122881843191482 0.146670300067602
0 0.00257560008931189 0.000107158190136464 0.147355949229296
0 0.00271398149777659 -0.000171367897965257 0.147339697767159
0 0.001150329870899 -0.000491321241232279 0.146567779729711
0 -0.000872043244530679 -6.60033029797785e-05 0.145871763150986
0 -0.00211449108736085 0.000613191191609768 0.14565152914133
0 -0.00274663832710282 0.00034420931693019 0.145286704459609
0 -0.00157789459395161 -0.0001391855422604 0.14554698986256
0 0.000580325159584266 -0.000123466374000314 0.146458893438442
0 0.00222362679434581 -2.59531656326986e-05 0.147151893249124
0 0.00276275879477547 -0.000194541767845297 0.147277585188336
0 0.00154965422725562 -0.000293409674922012 0.146738992970283
0 -0.000271529235620557 4.14093735525404e-05 0.146138684191561
0 -0.00197980283132547 0.000316762559789345 0.145555716616582
0 -0.0028578432967818 0.000180888236235538 0.145164610677357
0 -0.00170473070119189 7.27564723906189e-05 0.145591755667426
0 0.000305876473676403 4.09829188453075e-05 0.146375962782942
0 0.0018964589955694 -6.79962537223882e-05 0.147005089497443
0 0.00249214187368911 -0.000270788057673506 0.147202158014535
0 0.00154166344569265 -0.000282256074678672 0.146801222347135
0 4.91496004892427e-05 4.61915020171288e-05 0.146338085837396
0 -0.00136060626349335 0.000144202629406277 0.145774951077299
0 -0.0023668951187946 0.000113407917102594 0.145308559388707
0 -0.00183660030169152 0.000272761304124541 0.145615277799817
0 -0.00031533714646268 0.000249014707500898 0.146222617188234
0 0.00096666957885822 -0.000285653132208546 0.146522526314771
0 0.00209260673975428 -0.000441498389137386 0.146935312365958
0 0.0021066182922478 -5.78607671152423e-05 0.147066159100588
0 0.000943835652297133 0.000177234986325008 0.146670370692616
0 -0.000675321623056085 1.87811078056735e-05 0.145972277554958
0 -0.00228729982889457 -0.000108450902059711 0.145267185432137
0 -0.0024194605885837 0.000268700704411326 0.14537910031135
0 -0.000911705705432833 0.00045367264403629 0.146098174546416
0 0.000528268851673024 -0.000187328120592342 0.146401703207003
0 0.00195838942232901 -0.000504515679264539 0.146848656973745
0 0.00246027031535971 -5.36039130143111e-05 0.14728000531475
0 0.00126403123604766 0.00015320926123445 0.146867990959519
0 -0.000255780317658369 -0.00012303808028261 0.146125204721415
0 -0.00194369060716039 -0.000206922949867526 0.145383696356609
0 -0.00241288688448974 0.000376516280446314 0.145386915691869
0 -0.00138061457529916 0.000678129374170872 0.145944393516181
0 -0.000148411589419889 -0.000114966924686497 0.146140440692091
0 0.00142676797091157 -0.000712920359188643 0.146530569003715
0 0.00262257414849067 -0.000152846734617306 0.147257272342067
0 0.00211182504430324 0.000268480350367657 0.14721894511035
0 0.000532339943912999 -2.68528644490364e-05 0.146432184849503
0 -0.00166423481966347 -0.000286179755184529 0.145427690269539
0 -0.00289076383170659 0.000277259787824485 0.145201436498553
0 -0.00219982290131594 0.000625324299760517 0.145637881800851
0 -0.00074913246922062 -3.52569520209505e-05 0.145965518667115
0 0.00150669597316643 -0.000534604592289901 0.146680952054223
0 0.00305252929249863 -0.000205643323078136 0.147416171107934
0 0.00244981642948855 0.000176806911111971 0.147347490506099
0 0.00083257498203414 -4.49863499616639e-05 0.146617734512497
0 -0.00168921709385484 -0.000352722766356972 0.145413377978561
0 -0.00291692171348536 0.000221398476677716 0.145135937900362
0 -0.0022285049069797 0.000766360944010574 0.145648352116944
